human_0: [0.6033648477029778, 0.5017767452483917, 0.006091780327466807, 0.9998936306816422]
human_1: [0.8154641519584874, -0.49571299730457935, 0.006091780327466807, 0.9998936306816422]
human_2: [1.1092443291454537, 0.007903924005630347, 0.006091780327466807, 0.9998936306816422]
